 7578.730   25.67  9.7 L 
 7847.044    3.91  8.4 L 
 8017.688   31.45  7.5 L 
 8375.669  -31.38  8.8 L 
 8646.001   23.79  8.1 L 
 8670.760  -51.89 10.3 L 
 8906.036  -16.09  7.2 L 
 8991.964   -8.03  7.4 L 
 8992.891  -21.50  7.2 L 
 9114.729   50.81  9.2 L 
 9306.021   83.11  6.4 L 
 9349.845   93.02  9.2 L 
 9350.927  112.92  9.0 L 
 9469.648  137.23  9.0 L 
 9676.063  139.01  4.8 L 
 9767.774   28.94  4.5 L 
 9768.832    8.32  4.7 L 
 9793.798  120.81  2.6 L 
10056.988  124.28  3.2 L 
10087.882   83.16  3.7 L 
10088.919   41.87  2.7 L 
10089.006   44.10  2.9 L 
10089.776   15.31  2.7 L 
10089.986   13.84  2.8 L 
10090.745   -0.38  2.5 L 
10090.893   -2.98  2.9 L 
10091.849  -26.79  2.7 L 
10091.970  -29.53  2.8 L 
10120.873  -13.42  3.9 L 
10121.888   -7.92  3.0 L 
10124.857   39.54  3.3 L 
10125.778   61.93  3.6 L 
10126.837   90.33  5.5 L 
10127.851  110.37  3.7 L 
10128.867  125.36  3.5 L 
10144.710  134.72  2.7 L 
10144.853  124.10  2.9 L 
10145.625  113.54  2.8 L 
10145.765  110.64  2.9 L 
10148.888   34.05  4.8 L 
10150.748   -3.95  3.3 L 
10152.663    1.25  4.9 L 
10168.749   26.06  7.7 L 
10171.739  105.83  4.5 L 
10172.688  124.28  4.0 L 
10173.726  116.73  3.5 L 
10179.735  -13.54  2.2 L 
10180.688  -11.76  2.8 L 
10181.634  -12.52  2.7 L 
10186.738  134.95  4.6 L 
10187.688  130.29  5.4 L 
10199.682  102.67  3.6 L 
10200.702  131.87  3.8 L 
10201.686  134.81  4.3 L 
10202.689  151.54  3.1 L 
10203.686  148.76  4.3 L 
10214.688   91.35  3.7 L 
10215.674  108.14  4.4 L 
10233.691  126.28  5.0 L 
10422.006  115.47  2.7 L 
10437.929  119.75  2.2 L 
10441.954   13.42  2.9 L 
10502.780  -14.33  2.7 L 
10503.764  -20.26  2.2 L 
10504.773    4.18  2.3 L 
10536.772   53.52  4.6 L 
10537.764   83.66  3.1 L 
10550.724   64.33  3.2 L 
10563.719   13.11  4.2 L 
10614.693   90.38  2.9 L 
10793.902  -13.65  2.6 L 
10794.962  -21.54  2.8 L 
10831.932  104.36  3.1 L 
11153.033   66.54  4.4 L 
11155.019   84.07  3.9 L 
11206.878  -44.50  3.7 L 
11212.927   90.69  3.8 L 
11213.883   95.71  3.8 L 
11242.740   83.67  4.0 L 
11298.722   33.82  3.4 L 
11305.708   10.76  4.1 L 
11469.053  -54.13  6.0 L 
11532.996   41.66  3.9 L 
11535.007   73.48  4.7 L 
11536.949   70.39  3.6 L 
11540.008   -8.38  4.1 L 
11581.848   51.68  4.2 L 
11607.827   47.39  4.3 L 
11626.734   18.05  4.0 L 
11629.806  -76.32  3.9 L 
11840.049  -13.90  4.9 L 
11842.037   43.09  3.2 L 
11860.057   33.51  3.9 L 
11861.037   -1.85  3.2 L 
11872.021   44.78  6.0 L 
11874.006   48.51  5.1 L 
11880.020  -87.95  4.7 L 
11895.005  -94.02  4.1 L 
11906.960  -63.65  3.7 L 
11910.896  -87.34  3.6 L 
11913.966   -8.13  2.6 L 
11914.927    9.64  2.7 L 
11927.908  -10.62  2.9 L 
11945.906   37.95  2.3 L 
11969.790  -50.64  4.4 L 
11971.807    2.32  4.2 L 
11979.748  -31.59  4.2 L 
12000.715  -36.07  5.3 L 
12033.710   47.35  2.5 L 
12040.690  -90.06  2.5 L 
12041.698 -100.01  2.4 L 
12217.045 -119.95  5.8 L 
12219.138 -100.02  1.1 K 
12236.015  -17.49  1.2 K 
12243.051  -10.93  1.2 K 
12257.034   -6.74  3.5 L 
12262.988  -74.80  3.6 L 
12267.962   39.21  2.1 L 
12278.937  -39.87  4.6 L 
12281.980   37.47  7.1 L 
12285.989   18.93  4.0 L 
12287.957  -45.35  5.2 L 
12298.891   35.13  2.0 L 
12298.939   37.65  2.9 L 
12299.775   26.77  2.0 L 
12306.806 -100.38  3.0 L 
12307.850  -63.90  1.3 K 
12315.803  -19.87  2.5 L 
12316.857  -43.68  2.8 L 
12333.817  -92.60  2.8 L 
12333.998  -95.14  1.5 K 
12334.730  -96.53  3.7 L 
12334.893  -97.07  1.3 K 
12335.788  -77.24  2.4 L 
12338.832   -0.22  7.7 L 
12345.786  -38.53  3.4 L 
12348.778 -121.41  3.2 L 
12359.814  -35.30  3.7 L 
12360.691  -52.54  4.9 L 
12375.735  -40.90  3.5 L 
12380.699  -70.85  4.4 L 
12388.690  -17.08  2.7 L 
12408.715  -98.40  2.4 L 
12409.713  -79.48  3.7 L 
12410.705  -54.57  2.9 L 
12419.714  -49.51  2.8 L 
12420.712  -73.37  2.5 L 
12421.712 -104.50  2.6 L 
12422.722  -92.74  3.1 L 
12426.732  -22.95  2.3 L 
12427.698   10.75  3.2 L 
12428.703   26.05  2.1 L 
12429.708   31.42  2.3 L 
12553.030  -70.58  2.7 L 
12554.027  -83.08  2.7 L 
12554.992  -94.87  2.7 L 
12565.020  -15.56  2.8 L 
12567.050  -70.31  4.5 L 
12573.113  -21.26  1.2 K 
12574.129   -3.16  1.3 K 
12575.045   20.08  3.8 L 
12576.042   38.46  2.5 L 
12576.098   33.25  1.4 K 
12576.985   32.09  2.7 L 
12585.017  -82.22  2.3 L 
12595.013  -36.56  1.8 L 
12598.991  -81.17  1.8 L 
12600.969  -42.78  1.4 L 
12601.031  -43.32  1.2 K 
12602.059  -16.34  1.3 K 
12603.114   16.66  1.2 K 
12606.988   39.43  1.8 L 
12608.961  -19.49  2.0 L 
12631.935    6.70  2.7 L 
12652.973  -30.59  1.4 K 
12654.039  -56.44  1.5 K 
12656.950 -109.73  2.1 L 
12680.970   12.03  1.3 K 
12682.951  -40.90  1.4 K 
12705.757   -1.37  2.0 L 
12711.767  -35.14  1.4 K 
12712.826  -63.24  1.4 K 
12722.747   37.78  2.5 L 
12723.757   30.57  2.3 L 
12737.701   46.65  2.1 L 
12777.806   -8.69  1.2 K 
12804.745  -83.76  1.5 K 
12988.038   36.68  1.3 K 
12990.989  -38.69  3.2 L 
12992.019  -49.23  2.4 L 
13008.973  -90.42  2.3 L 
13009.823  -85.60  2.3 L 
13014.916   40.01  2.6 L 
13017.861   24.30  1.2 K 
13018.882  -16.41  4.1 L 
13020.906  -80.87  5.6 L 
13021.889 -104.69  4.5 L 
13034.850  -21.06  3.5 L 
13045.782   65.13  1.2 K 
13068.805  -60.19  2.7 L 
13069.746  -45.77  3.9 L 
13077.042   23.19  1.4 K 
13079.737  -42.86  2.7 L 
13081.737  -80.24  4.2 L 
13100.704   -4.28  3.0 L 
13101.675   25.60  2.6 L 
13102.724   52.69  1.9 L 
13108.709  -54.48  2.2 L 
13119.686   59.32  5.4 L 
13282.034    5.56  2.9 L 
13283.028  -10.01  1.8 L 
13337.931   52.23  3.9 L 
13338.980   66.27  2.2 L 
13339.044   73.35  0.6 K 
13362.934  -27.62  3.7 L 
13363.903   -1.31  3.3 L 
13369.916   29.34  0.6 K 
13383.882   45.85  3.5 L 
13384.882   23.46  3.1 L 
13385.868  -14.16  3.3 L 
13386.844  -26.93  2.3 L 
13387.871  -60.27  3.6 L 
13388.838  -67.60  3.4 L 
13389.818  -59.92  2.6 L 
13390.914  -65.10  3.5 L 
13391.958  -19.46  3.7 L 
13392.782    8.84  3.6 L 
13402.881  -65.56  3.8 L 
13403.895  -64.69  3.4 L 
13404.869  -71.98  2.9 L 
13405.878  -54.47  3.0 L 
13425.843   68.86  0.5 K 
13436.737  -12.13  3.5 L 
13437.790   34.78  3.6 L 
13438.737   48.10  3.4 L 
13439.746   71.56  3.3 L 
13440.744   77.60  3.5 L 
13441.821   58.43  2.5 L 
13460.697  -53.40  2.9 L 
13475.679  -47.86  3.2 L 
13476.681  -62.27  2.8 L 
13477.681  -52.82  3.1 L 
13478.686  -63.04  3.0 L 
13479.676  -27.68  4.5 L 
13480.821   -7.05  0.5 K 
13516.697   37.54  3.4 L 
13546.764    8.19  0.6 K 
13547.741  -31.70  0.5 K 
13669.063  -44.74  3.2 L 
13692.982   15.81  0.5 K 
13693.078   18.46  0.5 K 
13694.081   -2.29  0.5 K 
13695.050  -38.22  0.5 K 
13696.026  -53.52  0.5 K 
13697.109  -61.26  0.8 K 
13724.055  -39.49  0.4 K 
13724.995  -53.41  0.5 K 
13744.935   22.06  2.2 L 
13747.026   83.06  0.5 K 
13747.958   93.83  0.6 K 
13748.924   86.91  0.5 K 
13749.859   83.05  0.5 K 
13750.865   66.56  0.6 K 
13751.931   22.59  0.9 K 
13752.907    4.58  2.1 L 
13752.973    4.51  0.6 K 
13753.944  -30.54  0.6 K 
13755.878  -47.97  3.9 L 
13756.850  -44.71  3.8 L 
13773.730    3.57  3.8 L 
13773.820    1.81  4.1 L 
13773.969   -8.09  3.7 L 
13774.801   23.80  3.8 L 
13775.922   63.46  0.6 K 
13776.940   70.26  0.7 K 
13778.020   86.25  0.6 K 
13806.890   90.76  0.6 K 
13837.810   92.78  0.6 K 
13841.801  -23.39  0.6 K 
14050.023  -30.70  1.9 L 
14072.022  105.05  1.8 L 
14073.014   66.18  2.3 L 
14073.959   44.98  2.3 L 
14083.982   83.79  0.5 K 
14084.907   96.88  0.5 K 
14085.122  107.05  0.5 K 
14086.103   96.67  0.5 K 
14098.950  111.57  2.4 L 
14100.017  120.38  2.4 L 
14101.981  104.68  2.3 L 
14102.850   87.22  4.0 L 
14103.001   76.86  3.5 L 
14103.847   45.57  3.6 L 
14103.932   38.55  3.8 L 
14108.908   -5.61  0.5 K 
14129.901  103.38  0.5 K 
14130.948   92.76  0.4 K 
14131.880   59.00  0.5 K 
14133.841    9.74  3.8 L 
14134.817  -27.12  1.9 L 
14135.760  -32.80  2.3 L 
14138.840    8.49  0.4 K 
14139.050   14.26  0.4 K 
14165.779  -53.73  1.8 L 
14166.706  -48.04  6.8 L 
14167.677  -15.76  2.5 L 
14168.806   -1.04  2.4 L 
14169.842   42.94  2.4 L 
14196.730  -17.40  2.2 L 
14216.775  101.01  0.7 K 
14216.779  100.20  3.2 L 
14219.742   69.12  2.0 L 
14220.757   50.46  2.1 L 
14246.783  101.19  0.6 K 
14247.816   96.86  0.6 K 
14248.793   77.92  0.6 K 
14249.783   40.06  0.7 K 
14250.788   18.79  0.6 K 
14251.791  -12.26  0.6 K 
14255.737  -19.78  0.6 K 
